INSERT INTO INVENTORY (ITEM_ID)
VALUES (1),
       (2),
       (23),
       (3),
       (34),
       (4),
       (22),
       (47),
       (14),
       (5),
       (34),
       (45),
       (46),
       (6),
       (15),
       (7),
       (26),
       (24),
       (18),
       (40),
       (34),
       (45),
       (46),
       (18),
       (8),
       (14),
       (23),
       (36),
       (34),
       (17),
       (9),
       (18),
       (7),
       (26),
       (21),
       (34),
       (45),
       (46),
       (10),
       (23),
       (48),
       (34),
       (9),
       (18),
       (3),
       (24),
       (17),
       (41),
       (23),
       (21),
       (34),
       (14),
       (10),
       (23),
       (49),
       (27),
       (34),
       (4),
       (11),
       (27),
       (19),
       (14),
       (5),
       (50),
       (34),
       (45),
       (46),
       (5),
       (7),
       (26),
       (29),
       (23),
       (34),
       (7),
       (26),
       (32),
       (25),
       (14),
       (12),
       (5),
       (34),
       (45),
       (46),
       (13),
       (31),
       (25),
       (43),
       (34),
       (45),
       (46)