INSERT INTO SPELL_BOOK (SPELL_ID)
VALUES (1),
       (46),
       (31),
       (24),
       (11),
       (22),
       (37),
       (43),
       (56),
       (14),
       (27),
       (41),
       (48),
       (59),
       (63),
       (19),
       (22),
       (24),
       (45),
       (57),
       (28),
       (21),
       (17),
       (29),
       (31),
       (49),
       (48),
       (45),
       (19),
       (11),
       (2),
       (7),
       (2),
       (37),
       (27),
       (32),
       (10),
       (19),
       (22),
       (24),
       (57),
       (62),
       (24),
       (19),
       (37),
       (51),
       (59),
       (48),
       (41),
       (26),
       (6),
       (19),
       (22),
       (45),
       (37),
       (15),
       (29),
       (42),
       (26),
       (46),
       (49),
       (19),
       (22),
       (45),
       (37),
       (15),
       (27),
       (42),
       (41),
       (48),
       (59),
       (63),
       (19),
       (22),
       (24),
       (45),
       (57),
       (28),
       (21),
       (17),
       (29)